1.200000000000000000e+01 0.000000000000000000e+00 8.587733793258666992e+01
7.000000000000000000e+00 -1.851790260031265569e-14 5.470670223236083984e+01
8.000000000000000000e+00 0.000000000000000000e+00 6.035750603675842285e+01
5.000000000000000000e+00 -3.588503864257162589e-14 4.297625803947448730e+01
7.000000000000000000e+00 -1.800292468693024661e-14 6.109028506278991699e+01
8.000000000000000000e+00 1.842380250185080856e-14 6.593899488449096680e+01
1.300000000000000000e+01 0.000000000000000000e+00 8.691613912582397461e+01
5.000000000000000000e+00 -1.679952672707063766e-14 4.253611683845520020e+01
7.000000000000000000e+00 1.824159850461943606e-14 5.416559672355651855e+01
1.100000000000000000e+01 0.000000000000000000e+00 6.179447913169860840e+01
8.000000000000000000e+00 0.000000000000000000e+00 6.270649504661560059e+01
5.000000000000000000e+00 -1.798548881557040927e-14 4.438855218887329102e+01
8.000000000000000000e+00 0.000000000000000000e+00 6.293683385848999023e+01
6.000000000000000000e+00 1.815690539629353731e-14 3.650585222244262695e+01
5.000000000000000000e+00 0.000000000000000000e+00 4.591277194023132324e+01
5.000000000000000000e+00 0.000000000000000000e+00 4.179652214050292969e+01
1.300000000000000000e+01 1.863549194646285090e-14 9.195098876953125000e+01
5.000000000000000000e+00 0.000000000000000000e+00 4.007104277610778809e+01
1.000000000000000000e+01 1.821158082593794048e-14 7.497386407852172852e+01
7.000000000000000000e+00 0.000000000000000000e+00 6.178611040115356445e+01
