1.000000000000000000e+01 9.011850268997422475e+00 4.245346069335937500e+00
7.000000000000000000e+00 6.729671640379081943e+00 3.791903018951416016e+00
1.100000000000000000e+01 9.022741138405933725e+00 4.983294963836669922e+00
1.000000000000000000e+01 6.412692411216978527e+00 5.333369016647338867e+00
1.000000000000000000e+01 8.138755708314615589e+00 4.278143882751464844e+00
8.000000000000000000e+00 8.313578098723379384e+00 4.427571773529052734e+00
1.500000000000000000e+01 9.160454091269750521e+00 5.737230777740478516e+00
1.200000000000000000e+01 4.890000174455767734e+00 5.385628938674926758e+00
1.200000000000000000e+01 8.402855967691177597e+00 5.425826072692871094e+00
1.000000000000000000e+01 7.397225051073677449e+00 5.091737985610961914e+00
1.400000000000000000e+01 8.206236491727592508e+00 6.636821985244750977e+00
1.200000000000000000e+01 6.656610676425923856e+00 5.557476758956909180e+00
1.000000000000000000e+01 8.546667937660577863e+00 5.069125175476074219e+00
1.600000000000000000e+01 5.360692557316318663e+00 4.562701225280761719e+00
5.000000000000000000e+00 9.705868926156338006e+00 1.762037038803100586e+00
1.500000000000000000e+01 5.349572204348723936e+00 6.254765033721923828e+00
1.500000000000000000e+01 8.575536173692185571e+00 6.332836866378784180e+00
1.200000000000000000e+01 6.780239258539815239e+00 5.336759805679321289e+00
1.100000000000000000e+01 7.488248039821791657e+00 4.702197074890136719e+00
1.000000000000000000e+01 9.484109991343565582e+00 4.253652095794677734e+00
